<?xml version="1.0"?>
<opencv_storage>
<Kc type_id="opencv-matrix">
  <rows>3</rows>
  <cols>3</cols>
  <dt>f</dt>
  <data>
    8.79592529e+02 0. 3.33050537e+02 0. 8.81829956e+02 2.45747375e+02 0.
    0. 1.</data></Kc>
<kc type_id="opencv-matrix">
  <rows>5</rows>
  <cols>1</cols>
  <dt>f</dt>
  <data>
    -2.65851706e-01 2.19285056e-01 0. 0. 0.</data></kc>
<Kp type_id="opencv-matrix">
  <rows>3</rows>
  <cols>3</cols>
  <dt>f</dt>
  <data>
    3.16628125e+03 0. 6.89748474e+02 0. 3.16385156e+03 8.95667419e+02 0.
    0. 1.</data></Kp>
<kp type_id="opencv-matrix">
  <rows>5</rows>
  <cols>1</cols>
  <dt>f</dt>
  <data>
    2.60168035e-02 -1.35190472e-01 0. 0. 0.</data></kp>
<Rp type_id="opencv-matrix">
  <rows>3</rows>
  <cols>3</cols>
  <dt>f</dt>
  <data>
    8.43116343e-01 1.30667508e-01 5.21613657e-01 -1.03625812e-01
    9.91325974e-01 -8.08366016e-02 -5.27651846e-01 1.41020250e-02
    8.49343657e-01</data></Rp>
<Tp type_id="opencv-matrix">
  <rows>3</rows>
  <cols>1</cols>
  <dt>f</dt>
  <data>
    -1.59663422e+02 -9.11739826e+00 5.92272682e+01</data></Tp>
<cam_error>1.3535668073507320e-01</cam_error>
<proj_error>4.7511588481198125e-01</proj_error>
<stereo_error>1.3004423319878589e+00</stereo_error>
<frameWidth>320</frameWidth>
<frameHeight>256</frameHeight>
<screenResX>912</screenResX>
<screenResY>1140</screenResY>
</opencv_storage>
