<?xml version="1.0"?>
<opencv_storage>
<Kc type_id="opencv-matrix">
  <rows>3</rows>
  <cols>3</cols>
  <dt>f</dt>
  <data>
    8.80961853e+02 0. 3.35497131e+02 0. 8.81601562e+02 2.52216751e+02 0.
    0. 1.</data></Kc>
<kc type_id="opencv-matrix">
  <rows>5</rows>
  <cols>1</cols>
  <dt>f</dt>
  <data>
    -2.69057661e-01 2.15420350e-01 0. 0. 0.</data></kc>
<Kp type_id="opencv-matrix">
  <rows>3</rows>
  <cols>3</cols>
  <dt>f</dt>
  <data>
    2.60861646e+03 0. 8.59293884e+02 0. 2.60898535e+03 1.10893994e+03 0.
    0. 1.</data></Kp>
<kp type_id="opencv-matrix">
  <rows>5</rows>
  <cols>1</cols>
  <dt>f</dt>
  <data>
    -3.12256962e-02 -4.89903428e-02 0. 0. 0.</data></kp>
<Rp type_id="opencv-matrix">
  <rows>3</rows>
  <cols>3</cols>
  <dt>f</dt>
  <data>
    8.49383891e-01 5.92729189e-02 5.24436593e-01 3.03728953e-02
    9.86537039e-01 -1.60692796e-01 -5.26900828e-01 1.52418524e-01
    8.36148381e-01</data></Rp>
<Tp type_id="opencv-matrix">
  <rows>3</rows>
  <cols>1</cols>
  <dt>f</dt>
  <data>
    -1.74981461e+02 -4.56674623e+00 1.02484627e-02</data></Tp>
<cam_error>1.1528474710036161e-01</cam_error>
<proj_error>4.3854323745959922e-01</proj_error>
<stereo_error>3.5564389403509972e-01</stereo_error>
<frameWidth>640</frameWidth>
<frameHeight>512</frameHeight>
<screenResX>912</screenResX>
<screenResY>1140</screenResY>
</opencv_storage>
